date;price
40400;2800.02
40401;2724.16
40402;2720.85
40403;2708.73
40406;2698.29
40407;2737.69
40408;2728.66
40409;2675.02
40410;2643.98
40413;2660.84
40414;2614.54
40415;2587.4
40416;2606.89
40417;2630.35
40420;2616.57
40421;2622.95
40422;2715.27
40423;2715.19
40424;2746.23
40427;2753.6
40428;2727.16
40429;2752.89
40430;2782.43
40431;2780.4
40434;2805.06
40435;2806.47
40436;2794.36
40437;2784.61
40438;2757.37
40441;2802.67
40442;2794.55
40443;2752.77
40444;2738.61
40445;2792.75
40448;2776.33
40449;2774.62
40450;2752.71
40451;2747.9
40452;2732.91
40455;2701.02
40456;2758.56
40457;2780
40458;2786.88
40459;2785.43
40462;2789.72
40463;2775.75
40464;2840.55
40465;2836.11
40466;2841.65
40469;2850.72
40470;2837.33
40471;2851.52
40472;2882.29
40473;2873.74
40476;2871.48
40477;2856.31
40478;2829.42
40479;2845.53
40480;2844.99
40483;2836.73
40484;2861.01
40485;2830.43
40486;2884.21
40487;2875.94
40490;2867.96
40491;2890.64
40492;2845.93
40493;2831.22
40494;2822.43
40497;2848.45
40498;2781.77
40499;2802.7
40500;2855.23
40501;2845.75
40504;2811.43
40505;2739.37
40506;2758.02
40507;2765.05
40508;2736.96
40511;2669.96
40512;2650.99
40513;2721.87
40514;2781.39
40515;2782.39
40518;2769.96
40519;2802.74
40520;2818.95
40521;2840.71
40522;2839.53
40525;2855.37
40526;2861.67
40527;2841.99
40528;2845.78
40529;2821.77
40532;2839.22
40533;2876.99
40534;2869.63
40535;2864.52
40536;2861.94
40539;2826.51
40540;2824.3
40541;2841.23
40542;2807.04
40543;2792.82
40546;2839.43
40547;2844.17
40548;2833.74
40549;2836.23
40550;2808.25
40553;2760.88
40554;2796.6
40555;2879.11
40556;2915.62
40557;2920.4
40560;2910.63
40561;2945.62
40562;2923.76
40563;2927.42
40564;2970.56
40567;2979.06
40568;2957.78
40569;2967.78
40570;2989.75
40571;2954.13
40574;2953.63
40575;3006.81
40576;3012.7
40577;2995.49
40578;3003.19
40581;3031.18
40582;3042.5
40583;3031.62
40584;3025.68
40585;3024.37
40588;3018.38
40589;3030.46
40590;3061.92
40591;3064.54
40592;3068
40595;3012.34
40596;2983.33
40597;2954.92
40598;2949.13
40599;2985.02
40602;3013.09
40603;2983.27
40604;2958.8
40605;2969.24
40606;2949.18
40609;2931.42
40610;2945.42
40611;2935.11
40612;2909.73
40613;2883.84
40616;2852.11
40617;2784.2
40618;2721.24
40619;2786.16
40620;2792.61
40623;2860.81
40624;2854.79
40625;2866.23
40626;2909.78
40627;2911.33
40630;2914.76
40631;2910.93
40632;2936.44
40633;2910.91
40634;2962.92
40637;2955.84
40638;2950.96
40639;2971.48
40640;2963.69
40641;2984.66
40644;2974.58
40645;2932.33
40646;2949.98
40647;2917.72
40648;2919.05
40651;2847.96
40652;2857.61
40653;2921.43
40654;2936.3
40659;2955.36
40660;2977.59
40661;3005.33
40662;3011.25
40665;3008.89
40666;3000.39
40667;2952.02
40668;2926.54
40669;2952.9
40672;2902.4
40673;2939.02
40674;2942.43
40675;2917.05
40676;2894.6
40679;2881.31
40680;2849.6
40681;2867.3
40682;2890.6
40683;2853.98
40686;2794.26
40687;2801.27
40688;2816.84
40689;2799.82
40690;2819.4
40693;2814.34
40694;2861.92
40695;2827.66
40696;2782.57
40697;2789.11
40700;2765.33
40701;2774.5
40702;2752.06
40703;2778.12
40704;2732.54
40707;2733.95
40708;2779.94
40709;2731.5
40710;2730.62
40711;2770.12
40714;2748.01
40715;2801.99
40716;2795.07
40717;2730.86
40718;2715.88
40721;2723.93
40722;2750.49
40723;2802.55
40724;2848.53
40725;2875.67
40728;2870.19
40729;2850.51
40730;2832.63
40731;2844.51
40732;2790.09
40735;2709.14
40736;2693.53
40737;2715.05
40738;2695.29
40739;2675.38
40742;2622.36
40743;2657.45
40744;2705.75
40745;2763.34
40746;2772.6
40749;2742.7
40750;2739.65
40751;2693.71
40752;2692.76
40753;2670.37
40756;2593.34
40757;2544.89
40758;2497.83
40759;2412.29
40760;2375.15
40763;2286.91
40764;2294.24
40765;2153.77
40766;2215.45
40767;2307.33
40770;2324.48
40771;2323.67
40772;2331.12
40773;2206.61
40774;2159.07
40777;2183.39
40778;2199.98
40779;2238.7
40780;2216.7
40781;2190.44
40784;2239.3
40785;2239.14
40786;2302.08
40787;2305.75
40788;2220.72
40791;2107.27
40792;2080.1
40793;2151.16
40794;2163.4
40795;2073.67
40798;1995.01
40799;2036.64
40800;2083.38
40801;2155.62
40802;2159.28
40805;2096.1
40806;2140.41
40807;2098.49
40808;1995.75
40809;2026.03
40812;2083.35
40813;2194.03
40814;2176.64
40815;2212.44
40816;2179.66
40819;2138.24
40820;2091.09
40821;2179.42
40822;2248.78
40823;2269.19
40826;2320.8
40827;2315.97
40828;2372.15
40829;2332.52
40830;2355.48
40833;2315.89
40834;2306.81
40835;2330.08
40836;2271.77
40837;2337.51
40840;2369.07
40841;2343.96
40842;2335.06
40843;2476.92
40844;2462.36
40847;2385.22
40848;2259.73
40849;2291.89
40850;2347.94
40851;2291.47
40854;2275.92
40855;2303.2
40856;2249.39
40857;2254.92
40858;2324.81
40861;2288.32
40862;2254
40863;2267.96
40864;2242.78
40865;2236.68
40868;2160.28
40869;2136.81
40870;2096.79
40871;2090.25
40872;2111.26
40875;2221.76
40876;2234.17
40877;2330.43
40878;2313.84
40879;2342.5
40882;2369.39
40883;2356.71
40884;2344.92
40885;2288.05
40886;2342.59
40889;2269.46
40890;2260.98
40891;2205.91
40892;2224.89
40893;2202.72
40896;2202.95
40897;2262.39
40898;2244.35
40899;2273.02
40900;2290.37
40904;2290.31
40905;2255.03
40906;2292.28
40907;2316.55
40910;2370.2
40911;2389.91
40912;2349.89
40913;2315.75
40914;2298.65
40917;2286.45
40918;2347.47
40919;2339.51
40920;2345.85
40921;2338.01
40924;2361.56
40925;2396.63
40926;2390.64
40927;2435.04
40928;2426.96
40931;2441.44
40932;2432.07
40933;2421.12
40934;2460.4
40935;2436.62
40938;2404.62
40939;2416.66
40940;2470.79
40941;2478.15
40942;2515.15
40945;2507.89
40946;2514.12
40947;2512.92
40948;2522.34
40949;2480.76
40952;2491.54
40953;2488.29
40954;2493.96
40955;2489.35
40956;2520.31
40959;2550.28
40960;2541.6
40961;2519
40962;2508.08
40963;2523.69
40966;2513.06
40967;2519.72
40968;2512.11
40969;2548.66
40970;2546.16
40973;2529.86
40974;2443.52
40975;2460.77
40976;2514.22
40977;2515.95
40980;2514.97
40981;2556.82
40982;2574.79
40983;2593.97
40984;2608.3
40987;2608.42
40988;2576.61
40989;2567.58
40990;2530.22
40991;2525.43
40994;2539.87
40995;2525.21
40996;2496.68
40997;2452.74
40998;2477.28
41001;2501.18
41002;2458.98
41003;2398.46
41004;2392.54
41009;2321.53
41010;2341.36
41011;2352.24
41012;2291.51
41015;2301.19
41016;2367.05
41017;2327.84
41018;2284.67
41019;2311.27
41022;2244.83
41023;2284.08
41024;2322.91
41025;2322.69
41026;2344.02
41029;2306.43
41030;2306.69
41031;2290.31
41032;2287.1
41033;2248.34
41036;2283.09
41037;2236.11
41038;2225.63
41039;2247.38
41040;2254.54
41043;2201.95
41044;2178.67
41045;2175.34
41046;2146.91
41047;2144.69
41050;2150.16
41051;2192.85
41052;2134.05
41053;2156.52
41054;2161.87
41057;2147.92
41058;2160.31
41059;2116.18
41060;2118.94
41061;2068.66
41064;2078.96
41065;2087.31
41066;2137.73
41067;2143.08
41068;2143.9
41071;2137.7
41072;2143.38
41073;2143.5
41074;2148.21
41075;2181.23
41078;2155.64
41079;2198.01
41080;2207.49
41081;2199.42
41082;2186.81
41085;2130.71
41086;2127.95
41087;2165.61
41088;2157.62
41089;2264.72
41092;2292.08
41093;2320.43
41094;2312.41
41095;2284.92
41096;2235.51
41099;2227.91
41100;2241.85
41101;2246.23
41102;2228.01
41103;2259.09
41106;2251.96
41107;2250.75
41108;2284.7
41109;2302.45
41110;2237.33
41113;2179.31
41114;2151.54
41115;2159.09
41116;2251.05
41117;2301.23
41120;2340.31
41121;2325.72
41122;2333.38
41123;2263.36
41124;2372.58
41127;2399.32
41128;2440.24
41129;2432.28
41130;2437.04
41131;2423.22
41134;2415.96
41135;2432.29
41136;2430.39
41137;2456.53
41138;2471.53
41141;2466.32
41142;2490.27
41143;2452.73
41144;2429.17
41145;2434.23
41148;2461.82
41149;2442.12
41150;2434.23
41151;2403.8
41152;2440.71
41155;2463.17
41156;2436.54
41157;2441.81
41158;2524.95
41159;2538.6
41162;2528.53
41163;2557.65
41164;2564.8
41165;2543.22
41166;2594.56
41169;2583.57
41170;2553.4
41171;2567.67
41172;2553.03
41173;2577.08
41176;2557.89
41177;2568.48
41178;2498.52
41179;2506.06
41180;2454.26
41183;2498.81
41184;2493.59
41185;2492.48
41186;2485.75
41187;2531.21
41190;2496.09
41191;2472.23
41192;2456.54
41193;2487.08
41194;2469.09
41197;2485.12
41198;2547.9
41199;2569.83
41200;2574.19
41201;2542.24
41204;2531.1
41205;2477.92
41206;2490.58
41207;2483.43
41208;2496.1
41211;2478.84
41212;2515.99
41213;2503.64
41214;2533.87
41215;2547.15
41218;2517.67
41219;2535.94
41220;2479.1
41221;2479.13
41222;2479.82
41225;2473.52
41226;2493.14
41227;2472.84
41228;2461.77
41229;2427.32
41232;2495.21
41233;2509.62
41234;2519.68
41235;2535.09
41236;2557.03
41239;2542.52
41240;2543.45
41241;2546.84
41242;2581.69
41243;2575.25
41246;2582.36
41247;2590.83
41248;2592.09
41249;2603.41
41250;2601.37
41253;2596.02
41254;2624.03
41255;2630.34
41256;2627.66
41257;2630.54
41260;2628.01
41261;2643.5
41262;2654.69
41263;2658.3
41264;2651.09
41267;2648.53
41270;2659.95
41271;2626.85
41274;2635.93
41276;2711.25
41277;2701.22
41278;2709.35
41281;2695.56
41282;2691.45
41283;2706.39
41284;2708.27
41285;2717.79
41288;2715.16
41289;2701.59
41290;2702.54
41291;2718.93
41292;2709.59
41295;2726.63
41296;2716.7
41297;2708.28
41298;2722.96
41299;2744.18
41302;2744.5
41303;2749.27
41304;2732.12
41305;2702.98
41306;2710.08
41309;2625.17
41310;2651.21
41311;2617.35
41312;2597.92
41313;2630.3
41316;2622.61
41317;2648.83
41318;2656.86
41319;2635.35
41320;2615.26
41323;2616.65
41324;2662.37
41325;2640.35
41326;2579.76
41327;2630.05
41330;2651.86
41331;2570.52
41332;2611.89
41333;2633.55
41334;2616.75
41337;2619.78
41338;2683.02
41339;2679.89
41340;2690.85
41341;2728.78
41344;2718.71
41345;2711.85
41346;2704.73
41347;2744.7
41348;2725.72
41351;2705.47
41352;2671.96
41353;2708.9
41354;2683.92
41355;2681.67
41358;2649.28
41359;2641.12
41360;2612.46
41361;2624.02
41366;2679.8
41367;2639.01
41368;2621.43
41369;2585.28
41372;2589.25
41373;2595.13
41374;2661.62
41375;2674.33
41376;2633.47
41379;2624.71
41380;2609.3
41381;2553.49
41382;2555.5
41383;2575.16
41386;2583.62
41387;2662.88
41388;2702.05
41389;2704.41
41390;2683.43
41393;2717.38
41394;2712
41395;2711.74
41396;2718.9
41397;2763.68
41400;2750.52
41401;2769.08
41402;2784.62
41403;2773.16
41404;2785.24
41407;2777.39
41408;2795.63
41409;2809.58
41410;2806.7
41411;2817.99
41414;2824.5
41415;2821.65
41416;2835.01
41417;2776.78
41418;2764.29
41421;2795
41422;2835.87
41423;2786.54
41424;2799.2
41425;2769.64
41428;2747.74
41429;2755.7
41430;2709.33
41431;2676.21
41432;2724.08
41435;2719.4
41436;2683.2
41437;2666.52
41438;2661.71
41439;2667.32
41442;2702.69
41443;2700.93
41444;2683.98
41445;2586.45
41446;2549.48
41449;2511.83
41450;2543.37
41451;2602.81
41452;2619.86
41453;2602.59
41456;2622.62
41457;2603.2
41458;2570.76
41459;2646.54
41460;2596.01
41463;2650.85
41464;2664.14
41465;2659.71
41466;2681.32
41467;2674.87
41470;2686.69
41471;2665.61
41472;2681.88
41473;2717.99
41474;2716.17
41477;2725.4
41478;2722.9
41479;2752.25
41480;2740.29
41481;2741.96
41484;2741.73
41485;2759.21
41486;2768.15
41487;2808.64
41488;2811
41491;2809.08
41492;2790.78
41493;2794.44
41494;2816.88
41495;2825.62
41498;2827.15
41499;2841.61
41500;2852.08
41501;2835.86
41502;2854.27
41505;2823.35
41506;2787.98
41507;2774.58
41508;2812.32
41509;2826.05
41512;2821.45
41513;2749.27
41514;2742.61
41515;2758.31
41516;2721.37
41519;2774.09
41520;2753.35
41521;2758.29
41522;2774.2
41523;2803.42
41526;2798.31
41527;2851.4
41528;2863.44
41529;2862.07
41530;2867.11
41533;2894.64
41534;2890.95
41535;2908.92
41536;2936.2
41537;2927.19
41540;2906.35
41541;2922.93
41542;2927.35
41543;2922.99
41544;2919.34
41547;2893.15
41548;2933.02
41549;2918.31
41550;2902.12
41551;2928.31
41554;2923.04
41555;2903.35
41556;2904.73
41557;2969.41
41558;2974.28
41561;2977.69
41562;3004.56
41563;3015.4
41564;3010.39
41565;3033.31
41568;3028.65
41569;3045.77
41570;3017.16
41571;3038.96
41572;3034.5
41575;3022.04
41576;3050.64
41577;3040.69
41578;3067.95
41579;3052.14
41582;3061.18
41583;3035.92
41584;3056.4
41585;3042.98
41586;3034.91
41589;3052.83
41590;3034.68
41591;3021.17
41592;3053.69
41593;3054.53
41596;3081.3
41597;3049.17
41598;3047.32
41599;3044.34
41600;3055.98
41603;3072.75
41604;3062.62
41605;3082.65
41606;3092.42
41607;3086.64
41610;3077.23
41611;3013.88
41612;2991.76
41613;2953.17
41614;2979.94
41617;2988.67
41618;2960.86
41619;2947.31
41620;2928.12
41621;2921.92
41624;2978.77
41625;2941.76
41626;2975.09
41627;3031.05
41628;3049.35
41631;3070.91
41632;3072.88
41635;3111.37
41638;3100.93
41639;3109
41641;3059.93
41642;3074.43
41645;3069.16
41646;3110.96
41647;3110.66
41648;3090.26
41649;3104.15
41652;3111.94
41653;3119.53
41654;3168.76
41655;3150.2
41656;3154.1
41659;3153.17
41660;3153.08
41661;3151.27
41662;3117.08
41663;3028.2
41666;3014.62
41667;3038.6
41668;3011.45
41669;3027.3
41670;3013.96
41673;2963.96
41674;2962.49
41675;2962.51
41676;3010.79
41677;3038.49
41680;3032.53
41681;3077.08
41682;3094.89
41683;3097.95
41684;3119.06
41687;3118.91
41688;3117.44
41689;3120.8
41690;3121.59
41691;3131.67
41694;3157.31
41695;3157.48
41696;3148.19
41697;3134.94
41698;3149.23
41701;3053.99
41702;3136.33
41703;3135.97
41704;3144.53
41705;3095.31
41708;3092.79
41709;3092.55
41710;3065.46
41711;3019.54
41712;3004.64
41715;3049.19
41716;3073.75
41717;3076.36
41718;3088.9
41719;3096.49
41722;3052.91
41723;3096.64
41724;3130.17
41725;3133.75
41726;3172.43
41729;3161.6
41730;3186.34
41731;3187.45
41732;3206.76
41733;3230.33
41736;3185.97
41737;3177.66
41738;3182.79
41739;3152.86
41740;3116.54
41743;3131.57
41744;3091.52
41745;3139.26
41746;3155.81
41751;3199.69
41752;3175.97
41753;3189.81
41754;3147.4
41757;3165.84
41758;3208.68
41759;3198.39
41760;3198.66
41761;3177.89
41764;3171.29
41765;3149.79
41766;3159.67
41767;3204.3
41768;3184.09
41771;3206.97
41772;3211.78
41773;3210.42
41774;3163.22
41775;3172.72
41778;3169.9
41779;3163.93
41780;3187.08
41781;3187.63
41782;3203.28
41785;3240.39
41786;3244.28
41787;3246.24
41788;3244.66
41789;3244.6
41792;3247.8
41793;3241.04
41794;3237.93
41795;3267.05
41796;3294.28
41799;3305.26
41800;3313.8
41801;3289.09
41802;3284.28
41803;3282.84
41806;3261.42
41807;3275.33
41808;3279.2
41809;3314.8
41810;3302.36
41813;3282.58
41814;3284.81
41815;3252.31
41816;3233.19
41817;3227.85
41820;3228.24
41821;3258.71
41822;3252.25
41823;3289.75
41824;3270.47
41827;3230.92
41828;3184.38
41829;3203.1
41830;3150.59
41831;3157.05
41834;3185.86
41835;3153.75
41836;3202.94
41837;3157.82
41838;3164.21
41841;3137.06
41842;3189.22
41843;3193.13
41844;3220.07
41845;3174.99
41848;3171.55
41849;3190.54
41850;3169.23
41851;3115.51
41852;3072.57
41855;3070.46
41856;3072.2
41857;3050.37
41858;3012.88
41859;3006.83
41862;3047.56
41863;3023.77
41864;3056.17
41865;3058.16
41866;3033.52
41869;3073.45
41870;3091.11
41871;3083.5
41872;3124.56
41873;3098.5
41876;3165.47
41877;3197.54
41878;3194.45
41879;3164.44
41880;3172.63
41883;3175.05
41884;3180.29
41885;3218.84
41886;3277.25
41887;3275.25
41890;3267.54
41891;3245.43
41892;3244.16
41893;3237.76
41894;3235.07
41897;3231.7
41898;3221.73
41899;3237.44
41900;3271.37
41901;3273.25
41904;3257.48
41905;3205.93
41906;3244.01
41907;3202.31
41908;3219.58
41911;3186.95
41912;3225.93
41913;3195.08
41914;3106.42
41915;3133.37
41918;3138.67
41919;3082.1
41920;3053.31
41921;3042.45
41922;2991.5
41925;2998.32
41926;3000.99
41927;2892.55
41928;2874.65
41929;2962.24
41932;2927.3
41933;2991.46
41934;3008.53
41935;3044.3
41936;3030.37
41939;2998.84
41940;3036.15
41941;3022.42
41942;3035.9
41943;3113.32
41946;3082.32
41947;3034.24
41948;3091.54
41949;3102.07
41950;3064.92
41953;3094.6
41954;3104.59
41955;3047.3
41956;3056.8
41957;3059.99
41960;3084.79
41961;3120.42
41962;3123.12
41963;3102.21
41964;3194.22
41967;3211.7
41968;3226.15
41969;3226.08
41970;3244.92
41971;3250.93
41974;3232.91
41975;3238.35
41976;3247.72
41977;3191.25
41978;3277.38
41981;3247.99
41982;3162.77
41983;3150.95
41984;3159.11
41985;3067.32
41988;2982.9
41989;3049.99
41990;3051.99
41991;3153.77
41992;3141.28
41995;3154.91
41996;3192.47
41997;3184.66
42002;3185.17
42003;3135.95
42004;3146.43
42006;3139.44
42009;3023.14
42010;3007.91
42011;3026.79
42012;3135.08
42013;3042.9
42016;3084.18
42017;3133.86
42018;3089.67
42019;3157.36
42020;3202.24
42023;3220.9
42024;3244.92
42025;3269.73
42026;3322.65
42027;3382.55
42030;3414.28
42031;3372.58
42032;3358.96
42033;3371.83
42034;3351.44
42037;3370.11
42038;3414.18
42039;3415.53
42040;3408.96
42041;3398.16
42044;3347.75
42045;3383.13
42046;3374.14
42047;3417.61
42048;3447.59
42051;3433.3
42052;3438.44
42053;3465.8
42054;3488.08
42055;3490.53
42058;3519.58
42059;3547.1
42060;3541.78
42061;3574.94
42062;3599
42065;3591.09
42066;3549.11
42067;3583.44
42068;3618.21
42069;3617.62
42072;3610.28
42073;3567.25
42074;3649.54
42075;3641.32
42076;3656.21
42079;3706.75
42080;3672.16
42081;3668.52
42082;3670.73
42083;3726.07
42086;3699.04
42087;3731.35
42088;3684.04
42089;3669.79
42090;3679.03
42093;3727.8
42094;3697.38
42095;3714.89
42096;3715.27
42101;3768.72
42102;3742.63
42103;3781.79
42104;3816.76
42107;3828.78
42108;3784.53
42109;3803.55
42110;3751.72
42111;3674.05
42114;3718.04
42115;3719.38
42116;3724.49
42117;3697.88
42118;3713.96
42121;3771.45
42122;3715.42
42123;3617.11
42124;3615.59
42125;3615.59
42128;3632.94
42129;3546.56
42130;3558.03
42131;3556.21
42132;3649.48
42135;3624.41
42136;3573.1
42137;3553.42
42138;3602.22
42139;3573.07
42142;3589.22
42143;3670.52
42144;3683.48
42145;3688.72
42146;3679.14
42149;3655.41
42150;3619.3
42151;3682.87
42152;3650.71
42153;3570.78
42156;3575.04
42157;3561.89
42158;3583.82
42159;3556.38
42160;3510.01
42163;3468.31
42164;3456.79
42165;3526.48
42166;3551.91
42167;3502.77
42170;3438.07
42171;3454.09
42172;3428.76
42173;3450.45
42174;3455.8
42177;3596.07
42178;3625.97
42179;3610.95
42180;3610.91
42181;3621.37
42184;3468.9
42185;3424.3
42186;3496.28
42187;3463.25
42188;3441.76
42191;3365.2
42192;3294.19
42193;3327.5
42194;3420.03
42195;3528.81
42198;3590.43
42199;3607.19
42200;3623.87
42201;3676.41
42202;3670.34
42205;3686.58
42206;3647.96
42207;3635.58
42208;3634.64
42209;3600
42212;3513.1
42213;3554.11
42214;3575.53
42215;3583.79
42216;3600.69
42219;3635.4
42220;3619.31
42221;3676.75
42222;3668.47
42223;3637.8
42226;3674.94
42227;3605.28
42228;3484.41
42229;3516.15
42230;3491.03
42233;3497.9
42234;3495.38
42235;3429.84
42236;3353.48
42237;3247.26
42240;3073.39
42241;3218.01
42242;3170.73
42243;3280.78
42244;3286.59
42247;3269.63
42248;3188.73
42249;3198.86
42250;3270.09
42251;3180.25
42254;3197.97
42255;3233.84
42256;3269.98
42257;3221.14
42258;3187.94
42261;3175.62
42262;3207.6
42263;3251.79
42264;3255.79
42265;3157.3
42268;3184.72
42269;3076.05
42270;3079.99
42271;3019.34
42272;3113.16
42275;3039.44
42276;3029.86
42277;3100.67
42278;3069.05
42279;3088.18
42282;3190.39
42283;3220.09
42284;3226.4
42285;3224.96
42286;3250.31
42289;3247.33
42290;3221.28
42291;3191.57
42292;3238.81
42293;3264.93
42296;3272.04
42297;3255.72
42298;3272.23
42299;3353.11
42300;3425.81
42303;3414.6
42304;3381.01
42305;3421.09
42306;3413.39
42307;3418.23
42310;3434.5
42311;3442.68
42312;3439.16
42313;3447.49
42314;3468.21
42317;3418.36
42318;3425.4
42319;3448.42
42320;3387.7
42321;3360.65
42324;3362.23
42325;3451.94
42326;3431.92
42327;3448.93
42328;3452.45
42331;3445.26
42332;3409.6
42333;3462.06
42334;3498.62
42335;3488.99
42338;3506.45
42339;3479.64
42340;3468.66
42341;3343.34
42342;3330.75
42345;3360.21
42346;3297.46
42347;3277.21
42348;3269.97
42349;3203.21
42352;3139.24
42353;3241.51
42354;3246.78
42355;3306.47
42356;3260.72
42359;3213.01
42360;3214.32
42361;3286.68
42362;3284.47
42366;3256.49
42367;3314.28
42368;3287.98
42369;3267.52
42373;3164.76
42374;3178.01
42375;3139.32
42376;3084.68
42377;3033.47
42380;3027.49
42381;3064.66
42382;3073.02
42383;3024
42384;2952.48
42387;2935.39
42388;2980.49
42389;2882.59
42390;2943.92
42391;3023.21
42394;3001.78
42395;3032.84
42396;3043.47
42397;2979.42
42398;3045.09
42401;3021.01
42402;2951.85
42403;2896.63
42404;2905.3
42405;2879.39
42408;2785.17
42409;2736.5
42410;2789.05
42411;2680.35
42412;2756.16
42415;2833.87
42416;2821.26
42417;2897.72
42418;2895.15
42419;2871.05
42422;2933.91
42423;2887.38
42424;2820.24
42425;2877.42
42426;2929.16
42429;2945.75
42430;2996.39
42431;3022.14
42432;3012.87
42433;3037.35
42436;3021.09
42437;3002.01
42438;3016.18
42439;2970.78
42440;3073.8
42443;3091.98
42444;3067.21
42445;3062.05
42446;3043.1
42447;3059.77
42450;3048.77
42451;3051.23
42452;3042.42
42453;2986.73
42458;3004.87
42459;3044.1
42460;3004.93
42461;2953.28
42464;2962.28
42465;2890.35
42466;2909.36
42467;2871.57
42468;2911.98
42471;2924.23
42472;2942.09
42473;3039.19
42474;3060.86
42475;3054.34
42478;3064.03
42479;3112.99
42480;3142.52
42481;3151.69
42482;3141.12
42485;3117.62
42486;3121.29
42487;3130.43
42488;3125.43
42489;3028.21
42492;3032.6
42493;2974.2
42494;2938.75
42495;2940.35
42496;2936.84
42499;2955.83
42500;2978.97
42501;2956.71
42502;2935.46
42503;2956.63
42506;2951.39
42507;2938.09
42508;2956.43
42509;2919.22
42510;2962.16
42513;2932.93
42514;3010.12
42515;3061.6
42516;3071.21
42517;3078.48
42520;3090.01
42521;3063.48
42522;3038.77
42523;3033.86
42524;2997.55
42527;3001.9
42528;3040.69
42529;3019.76
42530;2989.03
42531;2911.11
42534;2853.52
42535;2797.18
42536;2830.3
42537;2819.3
42538;2849.17
42541;2942.88
42542;2967.34
42543;2978.31
42544;3037.86
42545;2776.09
42548;2697.44
42549;2758.67
42550;2832.18
42551;2864.74
42552;2883.06
42555;2862.21
42556;2812.88
42557;2761.37
42558;2780.1
42559;2838.01
42562;2885.32
42563;2933.44
42564;2926.14
42565;2963.07
42566;2958.65
42569;2949.17
42570;2931.1
42571;2966.95
42572;2968.49
42573;2972.23
42576;2973.22
42577;2978.9
42578;2999.48
42579;2966.1
42580;2990.76
42583;2967.31
42584;2906.98
42585;2911.06
42586;2932.34
42587;2973.71
42590;2982.92
42591;3029.18
42592;3018.46
42593;3049.03
42594;3044.94
42597;3046.65
42598;3016.19
42599;2980.54
42600;2995.3
42601;2968.2
42604;2960.37
42605;2993.73
42606;3008.59
42607;2987.69
42608;3010.36
42611;2998.5
42612;3030.75
42613;3023.13
42614;3017.49
42615;3079.74
42618;3077.66
42619;3070.16
42620;3091.66
42621;3083.54
42622;3053.2
42625;3012.88
42626;2974.8
42627;2964.9
42628;2973.77
42629;2935.25
42632;2968.31
42633;2964.86
42634;2982.18
42635;3051.69
42636;3032.31
42639;2975.88
42640;2970.84
42641;2991.11
42642;2991.58
42643;3002.24
42646;2998.5
42647;3029.5
42648;3026.28
42649;3021.58
42650;3000.57
42653;3035.76
42654;3020.69
42655;3008.03
42656;2975.04
42657;3025.19
42660;3008.72
42661;3046.99
42662;3055.94
42663;3076.63
42664;3077.65
42667;3093.86
42668;3087.41
42669;3080.98
42670;3085.17
42671;3079.24
42674;3055.25
42675;3023.15
42676;2980.17
42677;2973.49
42678;2954.53
42681;3009.28
42682;3023.43
42683;3056.29
42684;3046.59
42685;3030.02
42688;3039.8
42689;3049.72
42690;3026.36
42691;3041.79
42692;3020.83
42695;3032.97
42696;3044.33
42697;3032.14
42698;3040.6
42699;3048.38
42702;3016.8
42703;3038.42
42704;3051.61
42705;3030.98
42706;3015.13
42709;3052.75
42710;3100.76
42711;3142.24
42712;3185.79
42713;3197.54
42716;3199.11
42717;3236.71
42718;3211.71
42719;3249.74
42720;3259.24
42723;3257.85
42724;3279.41
42725;3270.75
42726;3269.51
42727;3273.97
42731;3278.53
42732;3278.72
42733;3271.76
42734;3290.52
42737;3308.67
42738;3315.02
42739;3317.52
42740;3316.47
42741;3321.17
42744;3308.97
42745;3306.21
42746;3307.94
42747;3286.7
42748;3324.34
42751;3294.53
42752;3285.04
42753;3294
42754;3290.33
42755;3299.44
42758;3273.04
42759;3281.53
42760;3326.15
42761;3319.13
42762;3303.33
42765;3262.72
42766;3230.68
42767;3258.92
42768;3253.61
42769;3273.11
42772;3238.31
42773;3235.71
42774;3238.04
42775;3277.79
42776;3270.83
42779;3305.23
42780;3308.89
42781;3323.71
42782;3311.04
42783;3308.81
42786;3312.39
42787;3339.33
42788;3339.27
42789;3333.96
42790;3304.09
42793;3309.3
42794;3319.61
42795;3390.2
42796;3384.71
42797;3403.39
42800;3387.46
42801;3385.12
42802;3389.62
42803;3409.89
42804;3416.27
42807;3415.49
42808;3399.43
42809;3409.32
42810;3439.96
42811;3448.41
42814;3437.48
42815;3429.62
42816;3420.7
42817;3452.18
42818;3444.15
42821;3437.14
42822;3465.07
42823;3475.27
42824;3481.58
42825;3500.93
42828;3472.94
42829;3481.66
42830;3472.58
42831;3489.57
42832;3495.8
42835;3480.44
42836;3470.04
42837;3468.51
42838;3448.26
42843;3409.78
42844;3420.99
42845;3440.03
42846;3440.27
42849;3577.38
42850;3583.16
42851;3578.71
42852;3563.29
42853;3559.59
42856;3559.59
42857;3578.21
42858;3586.25
42859;3627.88
42860;3658.79
42863;3642.11
42864;3649.08
42865;3645.74
42866;3623.55
42867;3637.52
42870;3641.88
42871;3641.89
42872;3584.83
42873;3562.22
42874;3587.01
42877;3576.53
42878;3595.03
42879;3586.62
42880;3584.55
42881;3579.02
42884;3578.95
42885;3561.22
42886;3554.59
42887;3567.02
42888;3591.82
42891;3579.55
42892;3554.18
42893;3548.84
42894;3563.88
42895;3586.07
42898;3543.95
42899;3557.87
42900;3547.15
42901;3525.46
42902;3543.88
42905;3579.58
42906;3560.66
42907;3554.35
42908;3555.76
42909;3543.68
42912;3561.76
42913;3538.32
42914;3535.7
42915;3471.33
42916;3441.88
42919;3491.81
42920;3479.47
42921;3478.41
42922;3462.06
42923;3463.84
42926;3478.06
42927;3464.48
42928;3515.23
42929;3527.83
42930;3525.94
42933;3516.35
42934;3478.68
42935;3500.28
42936;3499.49
42937;3451.71
42940;3453.17
42941;3473.54
42942;3491.19
42943;3493.14
42944;3467.73
42947;3449.36
42948;3477.39
42949;3459.32
42950;3466.37
42951;3507.41
42954;3505.8
42955;3515.63
42956;3468.45
42957;3433.54
42958;3406.34
42961;3450.66
42962;3461.91
42963;3484.57
42964;3461.97
42965;3446.03
42968;3423.53
42969;3455.59
42970;3438.63
42971;3444.73
42972;3438.55
42975;3421.03
42976;3388.22
42977;3403.71
42978;3421.47
42979;3443.88
42982;3429.98
42983;3420.86
42984;3433.8
42985;3447.66
42986;3447.69
42989;3495.19
42990;3512.56
42991;3523.14
42992;3526.48
42993;3515.55
42996;3526.74
42997;3531.18
42998;3525.55
42999;3539.59
43000;3541.42
43003;3537.81
43004;3536.38
43005;3555.17
43006;3563.64
43007;3594.85
43010;3602.69
43011;3605.73
43012;3594.91
43013;3613.54
43014;3603.32
43017;3610.5
43018;3598.79
43019;3607.39
43020;3605.54
43021;3604.55
43024;3606.27
43025;3607.77
43026;3619.65
43027;3602.08
43028;3605.09
43031;3608.87
43032;3610.69
43033;3591.46
43034;3637.2
43035;3652.23
43038;3662.18
43039;3673.95
43040;3697.4
43041;3688.8
43042;3689.96
43045;3682.36
43046;3658.77
43047;3655.04
43048;3612.5
43049;3593.76
43052;3574.52
43053;3556.38
43054;3545.72
43055;3564.8
43056;3547.46
43059;3561.41
43060;3579.32
43061;3562.65
43062;3572.07
43063;3581.23
43066;3564.02
43067;3583.49
43068;3589.91
43069;3569.93
43070;3527.55
43073;3576.22
43074;3570.57
43075;3561.57
43076;3573.13
43077;3591.45
43080;3582.21
43081;3600.35
43082;3581.75
43083;3556.22
43084;3560.53
43087;3609.42
43088;3582.22
43089;3552.65
43090;3570.78
43091;3553.39
43096;3550.17
43097;3524.31
43098;3503.96
43102;3490.19
43103;3509.88
43104;3568.88
43105;3607.63
43108;3616.45
43109;3622.87
43110;3609.83
43111;3595.24
43112;3612.61
43115;3611.81
43116;3622.01
43117;3612.78
43118;3620.91
43119;3649.07
43122;3665.28
43123;3672.29
43124;3643.22
43125;3630.15
43126;3647.41
43129;3643.04
43130;3606.75
43131;3609.29
43132;3577.35
43133;3523.28
43136;3478.77
43137;3394.92
43138;3454.52
43139;3377.3
43140;3325.99
43143;3368.25
43144;3340.93
43145;3369.83
43146;3389.63
43147;3426.8
43150;3407.79
43151;3435.08
43152;3430.16
43153;3431.99
43154;3441.46
43157;3463.18
43158;3458.03
43159;3438.96
43160;3399.16
43161;3324.75
43164;3355.32
43165;3357.86
43166;3377.36
43167;3413.28
43168;3420.54
43171;3429.48
43172;3397.35
43173;3390.98
43174;3414.13
43175;3437.4
43178;3394.79
43179;3412.08
43180;3401.04
43181;3348.19
43182;3298.07
43185;3278.72
43186;3316.95
43187;3331.25
43188;3361.5
43193;3346.93
43194;3340.35
43195;3429.95
43196;3408.1
43199;3414.85
43200;3438.78
43201;3419.71
43202;3443.97
43203;3448
43206;3441.04
43207;3477.91
43208;3490.89
43209;3486.6
43210;3494.2
43213;3513.06
43214;3510.88
43215;3485.83
43216;3506.03
43217;3518.78
43220;3536.52
43221;3536.26
43222;3553.79
43223;3529.12
43224;3550.59
43227;3564.19
43228;3557.88
43229;3569.74
43230;3569.71
43231;3565.52
43234;3565.74
43235;3564.29
43236;3562.85
43237;3592.18
43238;3573.76
43241;3572.57
43242;3587.25
43243;3541.82
43244;3521.76
43245;3515.36
43248;3482.64
43249;3428.14
43250;3441.19
43251;3406.65
43252;3453.54
43255;3469.57
43256;3456.79
43257;3460.82
43258;3459.77
43259;3447.3
43262;3480.22
43263;3475.58
43264;3479.56
43265;3527.11
43266;3505.02
43269;3466.65
43270;3435.3
43271;3439.6
43272;3403.51
43273;3441.6
43276;3369.21
43277;3368.72
43278;3397.13
43279;3365.52
43280;3395.6
43283;3372.21
43284;3406.34
43285;3412.03
43286;3440.92
43287;3448.49
43290;3460.44
43291;3473.31
43292;3422.35
43293;3445.49
43294;3454.54
43297;3449.08
43298;3457.5
43299;3485.08
43300;3471.64
43301;3460.03
43304;3454.05
43305;3483.31
43306;3468.45
43307;3509.26
43308;3527.18
43311;3512.31
43312;3525.49
43313;3509.23
43314;3469.21
43315;3482.4
43318;3483.3
43319;3504.37
43320;3493.6
43321;3494.13
43322;3426.28
43325;3409.68
43326;3409.44
43327;3359.08
43328;3377.56
43329;3372.94
43332;3393.67
43333;3411.66
43334;3420.18
43335;3419.26
43336;3427.44
43339;3456.01
43340;3447.57
43341;3456.13
43342;3430.99
43343;3392.9
43346;3394.99
43347;3359.36
43348;3315.62
43349;3295.95
43350;3293.36
43353;3309.28
43354;3311.66
43355;3326.6
43356;3333.68
43357;3344.63
43360;3346.11
43361;3358.46
43362;3368.56
43363;3403.12
43364;3430.81
43367;3410.44
43368;3419.78
43369;3433.15
43370;3449.79
43371;3399.2
43374;3414.16
43375;3388.99
43376;3405.48
43377;3375.08
43378;3345.51
43381;3309.72
43382;3321.79
43383;3266.9
43384;3209.19
43385;3194.41
43388;3210.37
43389;3257.34
43390;3243.08
43391;3211.59
43392;3210.82
43395;3190.09
43396;3140.94
43397;3130.33
43398;3164.4
43399;3134.89
43402;3154.93
43403;3147.13
43404;3197.51
43405;3204.21
43406;3214.41
43409;3217.37
43410;3207.42
43411;3246.16
43412;3237.6
43413;3229.49
43416;3194.08
43417;3224.82
43418;3205.36
43419;3190.31
43420;3180.74
43423;3160.33
43424;3116.07
43425;3153.91
43426;3126.67
43427;3137.21
43430;3172.71
43431;3166.42
43432;3168.29
43433;3174.16
43434;3173.13
43437;3214.99
43438;3189.25
43439;3150.27
43440;3045.94
43441;3058.53
43444;3016.99
43445;3055.32
43446;3107.97
43447;3112.17
43448;3092.6
43451;3063.65
43452;3040.13
43453;3051.38
43454;3000.06
43455;3000.61
43458;2973.78
43461;2937.36
43462;2986.53
43465;3001.42
43467;2993.18
43468;2954.66
43469;3041.85
43472;3033.64
43473;3054.94
43474;3070.24
43475;3075.73
43476;3070.04
43479;3055.18
43480;3068.05
43481;3077.22
43482;3069.35
43483;3134.92
43486;3125.07
43487;3112.8
43488;3112.13
43489;3126.31
43490;3163.24
43493;3137.27
43494;3153.42
43495;3161.74
43496;3159.43
43497;3171.12
43500;3165.2
43501;3215.04
43502;3212.75
43503;3150.76
43504;3135.62
43507;3165.61
43508;3190.75
43509;3202.37
43510;3182.66
43511;3241.25
43514;3244.79
43515;3239.41
43516;3259.49
43517;3263.7
43518;3270.55
43521;3280.01
43522;3289.32
43523;3282.77
43524;3298.26
43525;3312.1
43528;3317.12
43529;3327.19
43530;3324.67
43531;3308.85
43532;3283.6
43535;3304.44
43536;3303.95
43537;3323.45
43538;3342.03
43539;3386.08
43542;3387.94
43543;3409
43544;3372.38
43545;3367.4
43546;3305.73
43549;3300.48
43550;3319.53
43551;3322.04
43552;3320.29
43553;3351.71
43556;3385.38
43557;3395.7
43558;3435.56
43559;3441.93
43560;3447.47
43563;3438.06
43564;3417.22
43565;3424.65
43566;3435.34
43567;3447.83
43570;3450.46
43571;3463.36
43572;3477.73
43573;3499.23
43578;3503.85
43579;3502.63
43580;3491.92
43581;3500.41
43584;3501.94
43585;3514.62
43586;3514.62
43587;3488.93
43588;3502.48
43591;3462.95
43592;3401.16
43593;3417.26
43594;3350.71
43595;3361.05
43598;3320.78
43599;3364.38
43600;3385.78
43601;3438.56
43602;3425.64
43605;3369.78
43606;3386.51
43607;3386.72
43608;3327.2
43609;3350.7
43612;3364.04
43613;3348.86
43614;3297.81
43615;3318.15
43616;3280.43
43619;3300.22
43620;3333.49
43621;3339.95
43622;3338.41
43623;3378.38
43626;3386.45
43627;3401.1
43628;3386.63
43629;3390.5
43630;3379.19
43633;3383.21
43634;3452.89
43635;3454.7
43636;3468.08
43637;3466.92
43640;3455.57
43641;3444.36
43642;3442.95
43643;3442.38
43644;3473.69
43647;3497.59
43648;3507.98
43649;3540.63
43650;3544.15
43651;3527.98
43654;3523.76
43655;3509.75
43656;3501.52
43657;3496.73
43658;3497.63
43661;3502.22
43662;3521.36
43663;3501.58
43664;3482.83
43665;3480.18
43668;3489.92
43669;3532.87
43670;3532.9
43671;3510.15
43672;3524.47
43675;3523.58
43676;3462.85
43677;3466.85
43678;3490.03
43679;3376.12
43682;3310.93
43683;3291.66
43684;3309.99
43685;3375.38
43686;3333.74
43689;3326.55
43690;3357.16
43691;3288.7
43692;3282.78
43693;3329.08
43696;3369.19
43697;3350.23
43698;3394.89
43699;3373.67
43700;3334.25
43703;3348.84
43704;3370.47
43705;3365.38
43706;3411.33
43707;3426.76
43710;3432.54
43711;3420.74
43712;3450.83
43713;3484.7
43714;3495.19
43717;3495.02
43718;3498.99
43719;3516.82
43720;3538.86
43721;3550.11
43724;3518.45
43725;3521.26
43726;3528.04
43727;3552.65
43728;3571.39
43731;3536.97
43732;3532.05
43733;3513.03
43734;3532.18
43735;3545.88
43738;3569.45
43739;3518.25
43740;3413.31
43741;3417.37
43742;3446.71
43745;3471.24
43746;3432.76
43747;3462.11
43748;3493.96
43749;3569.92
43752;3556.26
43753;3598.65
43754;3599.25
43755;3588.62
43756;3579.41
43759;3600.08
43760;3604.82
43761;3606.89
43762;3621.37
43763;3624.68
43766;3625.69
43767;3622.09
43768;3620.29
43769;3604.41
43770;3623.74
43773;3665.21
43774;3676.52
43775;3688.74
43776;3706.68
43777;3699.65
43780;3696.82
43781;3712.2
43782;3699.5
43783;3688.81
43784;3711.61
43787;3704.92
43788;3696.56
43789;3683.88
43790;3679.66
43791;3687.32
43794;3707.68
43795;3705.55
43796;3712.85
43797;3704.48
43798;3703.58
43801;3626.66
43802;3610.99
43803;3660.02
43804;3648.13
43805;3692.34
43808;3672.18
43809;3671.78
43810;3687.45
43811;3706.35
43812;3731.07
43815;3772.74
43816;3745.28
43817;3739
43818;3739.17
43819;3776.56
43822;3776.66
43823;3774.39
43826;3782.27
43829;3748.47
43830;3745.15
43832;3793.24
43833;3773.37
43836;3752.52
43837;3759.25
43838;3772.56
43839;3795.88
43840;3789.52
43843;3779.68
43844;3774.88
43845;3768.96
43846;3774.14
43847;3808.26
43850;3799.03
43851;3789.12
43852;3769.79
43853;3736.85
43854;3779.16
43857;3677.84
43858;3719.22
43859;3736.36
43860;3690.78
43861;3640.91
43864;3661.27
43865;3732.28
43866;3777.84
43867;3805.52
43868;3798.49
43871;3793.18
43872;3825.84
43873;3854.43
43874;3846.74
43875;3840.97
43878;3853.27
43879;3836.54
43880;3865.18
43881;3822.98
43882;3800.38
43885;3647.98
43886;3572.51
43887;3577.68
43888;3455.92
43889;3329.49
43892;3338.83
43893;3371.97
43894;3420.56
43895;3363.58
43896;3232.07
43899;2959.07
43900;2910.02
43901;2905.56
43902;2545.23
43903;2586.02
43906;2450.37
43907;2530.5
43908;2385.82
43909;2454.08
43910;2548.5
43913;2485.54
43914;2715.11
43915;2800.14
43916;2847.78
43917;2728.65
43920;2765.62
43921;2786.9
43922;2680.3
43923;2688.49
43924;2662.99
43927;2795.97
43928;2857.67
43929;2851.27
43930;2892.79
43935;2917.74
43936;2808.2
43937;2812.35
43938;2888.3
43941;2909.5
43942;2791.34
43943;2834.9
43944;2852.46
43945;2809.07
43948;2882.09
43949;2932.06
43950;2996.08
43951;2927.93
43952;2927.93
43955;2816.48
43956;2875.91
43957;2843.76
43958;2880.6
43959;2908.11
43962;2883.75
43963;2884.2
43964;2810.55
43965;2760.23
43966;2770.7
43969;2911.88
43970;2902.58
43971;2942.39
43972;2904.98
43973;2905.47
43976;2971.35
43977;2999.22
43978;3051.08
43979;3094.47
43980;3050.2
43983;3077.92
43984;3159.02
43985;3269.59
43986;3261.67
43987;3384.29
43990;3366.29
43991;3320.71
43992;3293.71
43993;3144.57
43994;3153.74
43997;3136.4
43998;3242.65
43999;3267.26
44000;3249.9
44001;3269.1
44004;3241.69
44005;3298.83
44006;3196.12
44007;3218.91
44008;3204.17
44011;3232.02
44012;3234.07
44013;3228.45
44014;3320.09
44015;3294.38
44018;3350.03
44019;3321.56
44020;3286.09
44021;3261.17
44022;3296.22
44025;3350
44026;3321.39
44027;3378.21
44028;3365.35
44029;3365.6
44032;3388.34
44033;3405.35
44034;3370.76
44035;3371.74
44036;3310.89
44039;3302.84
44040;3303.56
44041;3300.16
44042;3208.2
44043;3174.32
44046;3248.28
44047;3254.29
44048;3268.38
44049;3240.39
44050;3252.65